,x,y,Delta Y (test func),No.of ideal func
0,-19.3,-310.85565,3.2889361,0.7130735124467303
1,-17.2,3.9903896,3.193142,0.7130735124467303
2,14.3,1.8948567,3.046859,0.7130735124467303
3,11.3,1.1862679,2.483111,0.7130735124467303
4,-7.0,3.325579,2.65291,0.7130735124467303
5,-10.7,125.45951,2.9817982,0.7130735124467303
6,-3.8,0.31736484,2.584659,0.7130735124467303
7,15.9,4.0287614,2.4925315,0.7130735124467303
8,-8.3,1.1064389,3.153731,0.7130735124467303
9,-14.4,-206.20636,3.0222726,0.7130735124467303
10,-17.7,3.1124256,3.3392594,0.7130735124467303
11,-4.3,-320.12195,3.3463004,0.7130735124467303
12,-6.0,46.122032,2.577667,0.7130735124467303
13,4.1,-17.398613,3.3285458,0.7130735124467303
14,-1.4,333.80856,3.2011724,0.7130735124467303
15,11.8,352.00726,3.0911756,0.7130735124467303
16,-6.0,6.311868,3.3659022,0.7130735124467303
17,-11.4,9.363205,2.689817,0.7130735124467303
18,-12.5,3.3298564,3.030742,0.7130735124467303
19,14.1,207.5753,2.9916613,0.7130735124467303
20,-8.3,3.485161,2.6103384,0.7130735124467303
21,19.7,397.4724,3.3680367,0.7130735124467303
22,17.6,-6.7473717,3.3023977,0.7130735124467303
23,-5.4,1.0656055,2.4810443,0.7130735124467303
24,18.3,2.406509,2.831901,0.7130735124467303
25,-2.2,0.66091925,3.0721555,0.7130735124467303
26,10.3,352.06693,3.2036717,0.7130735124467303
27,15.3,-199.59529,2.4861653,0.7130735124467303
28,3.4,1.2706159,2.4613426,0.7130735124467303
29,-4.9,33.009136,2.6149552,0.7130735124467303
30,18.2,2.1982455,3.1212642,0.7130735124467303
31,-3.5,6.104276,3.2490432,0.7130735124467303
32,-11.6,-134.2297,2.8065782,0.7130735124467303
33,-2.9,5.545188,3.063489,0.7130735124467303
34,-18.6,-344.8392,3.2631226,0.7130735124467303
35,16.8,291.09665,3.0817137,0.7130735124467303
36,4.1,269.46658,2.8091655,0.7130735124467303
37,8.2,-2.19411,2.971657,0.7130735124467303
38,-3.3,3.353843,2.7515526,0.7130735124467303
39,-18.9,367.00128,3.0014064,0.7130735124467303
40,6.2,344.71817,3.0831573,0.7130735124467303
41,13.7,44.10886,3.1676397,0.7130735124467303
42,16.2,-5.879987,2.550814,0.7130735124467303
43,15.3,-3.6798832,2.8339856,0.7130735124467303
44,17.6,-309.07724,2.873352,0.7130735124467303
45,-1.4,344.5632,2.7314918,0.7130735124467303
46,11.6,3.3891273,2.5610192,0.7130735124467303
47,-2.7,-7.2699003,2.616539,0.7130735124467303
48,9.7,-0.46727282,2.8891957,0.7130735124467303
49,11.6,78.72062,2.5136936,0.7130735124467303
50,14.2,-151.73068,2.5766509,0.7130735124467303
51,-16.2,3.1380556,2.2329726,0.7130735124467303
52,-15.0,11.85393,3.0993552,0.7130735124467303
53,0.9,0.201987,2.7543442,0.7130735124467303
54,-8.7,2.9249682,3.1717958,0.7130735124467303
55,-4.7,-153.21724,2.1760724,0.7130735124467303
56,8.4,81.96224,2.8669322,0.7130735124467303
57,15.0,2.3254628,2.6154993,0.7130735124467303
58,-19.1,375.96063,3.1521788,0.7130735124467303
59,-18.6,2.2455578,3.0121665,0.7130735124467303
60,-1.6,1.3455043,2.9408083,0.7130735124467303
61,3.5,-11.928487,3.0592103,0.7130735124467303
62,2.7,-0.17943531,2.7645326,0.7130735124467303
63,16.3,-266.87018,2.6586618,0.7130735124467303
64,18.5,3.5738394,2.9989352,0.7130735124467303
65,16.1,-258.27036,2.3196723,0.7130735124467303
66,0.7,-1.7191243,2.1368797,0.7130735124467303
67,-9.9,7.132988,2.8011987,0.7130735124467303
68,0.1,-1.2515227,2.8264334,0.7130735124467303
69,6.2,0.088223435,2.3610208,0.7130735124467303
70,16.8,-283.06247,2.3730648,0.7130735124467303
71,6.8,-44.95766,2.3604236,0.7130735124467303
72,-8.4,2.6593497,2.7378514,0.7130735124467303
73,-16.2,-261.2967,2.1192093,0.7130735124467303
74,0.8,9.331087,2.7509022,0.7130735124467303
75,-19.6,13.44102,2.5129948,0.7130735124467303
76,-7.8,-60.190517,2.5726137,0.7130735124467303
77,16.4,3.7286994,2.0774658,0.7130735124467303
78,14.4,-206.09491,2.0596228,0.7130735124467303
79,-17.4,313.37262,2.6225631,0.7130735124467303
80,-13.5,1.6506915,2.1975145,0.7130735124467303
81,9.1,-83.78148,2.2830985,0.7130735124467303
82,-19.5,2.5094554,2.0467188,0.7130735124467303
83,1.0,10.638653,2.3322535,0.7130735124467303
84,-9.3,7.8143387,2.5310664,0.7130735124467303
85,-14.1,208.40736,2.6709852,0.7130735124467303
86,-4.1,4.0412683,2.7219722,0.7130735124467303
87,6.4,0.27252862,2.5823815,0.7130735124467303
88,-16.4,-78.41099,2.46456,0.7130735124467303
89,-17.5,10.732823,2.0656612,0.7130735124467303
90,13.3,95.58626,2.0682118,0.7130735124467303
91,13.6,2.939158,2.6359718,0.7130735124467303
92,-4.2,0.7448369,2.1407208,0.7130735124467303
93,-0.1,11.022661,2.833994,0.7130735124467303
94,-2.4,-6.0352416,2.2478547,0.7130735124467303
95,11.8,1.7984889,2.322755,0.7130735124467303
96,-3.3,0.5193607,2.192687,0.7130735124467303
97,16.6,-276.88193,2.0003154,0.7130735124467303
98,17.4,314.07187,2.7522511,0.7130735124467303
99,-14.2,320.1391,1.9439353,0.7130735124467303
